Problem dumps starting at t=946684800 (1999-12-31 16:00:00 PST)

*** Problem 'dcopf' at t=946684800 (1999-12-31 16:00:00 PST) ***

Data: {'P': [0.0, 0.0, 0.0, 0.0, 0.0, 0.0, 10.0, 0.0, 0.0, 0.0, 0.0, 0.0, 0.0, 0.0], 'D': [0.0, 21.7, 94.2, 47.8, 7.6, 11.2, 0.0, 0.0, 29.5, 9.0, 3.5, 6.1, 13.5, 14.9]}
Objective: minimize [0 0 0 0 0 0 10 0 0 0 0 0 0 0] @ var1
Contraints: [Inequality(Constant(CONSTANT, ZERO, ())), Equality(Expression(AFFINE, UNKNOWN, ()), Constant(CONSTANT, ZERO, ())), Equality(Expression(AFFINE, UNKNOWN, (14,)), Constant(CONSTANT, ZERO, ()))]
param_prob: <cvxpy.reductions.dcp2cone.cone_matrix_stuffing.ParamConeProg object at 0x131a95ff0>
dims: 15 equalities, 14 inequalities, 0 exponential cones, 
SOC constraints: [], PSD constraints: [],
 3d power cones [].
c: [0 0 0 0 0 0 10 0 0 0 0 0 0 0 0 0 0 0 0 0 0 0 0 0 0 0 0 0]
A:   (1, 0)	-1.0
  (15, 0)	-1.0
  (2, 1)	-1.0
  (16, 1)	-1.0
  (3, 2)	-1.0
  (17, 2)	-1.0
  (4, 3)	-1.0
  (18, 3)	-1.0
  (5, 4)	-1.0
  (19, 4)	-1.0
  (6, 5)	-1.0
  (20, 5)	-1.0
  (7, 6)	-1.0
  (21, 6)	-1.0
  (8, 7)	-1.0
  (22, 7)	-1.0
  (9, 8)	-1.0
  (23, 8)	-1.0
  (10, 9)	-1.0
  (24, 9)	-1.0
  (11, 10)	-1.0
  (25, 10)	-1.0
  (12, 11)	-1.0
  (26, 11)	-1.0
  (13, 12)	-1.0
  :	:
  (13, 20)	-1183.4319526627219
  (14, 20)	-369.8498409645684
  (3, 21)	-396.7939052456154
  (8, 21)	2058.110693596471
  (9, 21)	-502.76520864756156
  (10, 21)	-390.91513232477234
  (11, 21)	-767.6364473785216
  (8, 22)	-502.76520864756156
  (9, 22)	1023.4087240325774
  (13, 22)	-520.6435153850159
  (8, 23)	-390.91513232477234
  (10, 23)	891.2153124328372
  (11, 23)	-500.3001801080648
  (8, 24)	-767.6364473785216
  (10, 24)	-500.3001801080648
  (11, 24)	1555.2764355435945
  (14, 24)	-287.3398080570082
  (6, 25)	-567.6979846721543
  (12, 25)	567.6979846721543
  (7, 26)	-1183.4319526627219
  (9, 26)	-520.6435153850159
  (13, 26)	1704.0754680477378
  (7, 27)	-369.8498409645684
  (11, 27)	-287.3398080570082
  (14, 27)	657.1896490215765
b: [0 0 -21.7 -94.2 -47.8 -7.6 -11.2 0 0 -29.5 -9 -3.5 -6.1 -13.5 -14.9 0 0 0 0 0 0 0 0 0 0 0 0 0 0]
Problem solved: objective value is 4.71919e-06
v = [-0.0 -0.0 -0.0 -0.0 -0.0  0.1  0.1  0.1  0.1  0.1  0.1  0.1  0.1  0.1]
g = [ 19.9  19.9  19.9  19.9  19.9  19.9   0.0  19.9  19.9  19.9  19.9  19.9  19.9  19.9] =  259.0 MW
D = [  0.0  21.7  94.2  47.8   7.6  11.2   0.0   0.0  29.5   9.0   3.5   6.1  13.5  14.9] =  259.0 MW
losses = [ 1.1e-03  9.2e-04  2.5e-03  1.9e-04  2.3e-04  4.7e-03  3.5e-03  1.4e-02  6.1e-03  3.1e-02  1.4e-03  2.1e-03  2.8e-03  3.4e-03  1.3e-04  2.2e-04  2.1e-03  3.3e-05  7.7e-05  5.1e-04] =    0.1 MW
Result: {'g': [19.92307675114159, 19.923076792637755, 19.923076834768864, 19.923076821575112, 19.92307684604415, 19.92307693444075, 4.7191868625442774e-07, 19.92307691086071, 19.92307694355912, 19.92307691704288, 19.923076921398117, 19.923076941023226, 19.92307696482928, 19.923076949280528], 'v': [-2.44030102722081e-23, -0.007979147655268975, -0.014359210628499404, -0.030433636221370065, -0.0021545887773991015, 0.05226791733988668, 0.056094483639248384, 0.07431911804551881, 0.05788570760923895, 0.09723029399524132, 0.0932991510192383, 0.07661726737148104, 0.06041099792943018, 0.0800045664539336]} 

